1352095200		22.4500
1352181600		22.9100
1352268000		22.6700
1352354400		22.6300
1352440800		22.2600
1352700000		22.2900
1352786400		22.0500
1352872800		21.9800
1352959200		21.5000
1353045600		21.4500
1353304800		21.9900
1353391200		21.8400
1353477600		21.8900
1353650400		22.0300
1353909600		22.2600
1353996000		22.1600
1354082400		21.9900
1354168800		22.2100
1354255200		22.5300
1354514400		22.7600
1354600800		22.1500
1354687200		22.2800
1354773600		21.9000
1354860000		22.0600
1355119200		21.9200
1355205600		22.1900
1355292000		22.4700
1355378400		22.2800
1355464800		21.8900
1355724000		21.9300
1355810400		22.1700
1355896800		22.4800
1355983200		22.9100
1356069600		22.6700
1356328800		23.0700
1356501600		23.2700
1356588000		22.8000
1356674400		22.8400
1356933600		22.8400
1357106400		23.7300
1357192800		23.5100
1357279200		23.6100
1357538400		23.4200
1357624800		23.8500
1357711200		24.8300
1357797600		24.8100
1357884000		25.4900
1358143200		25.5500
1358229600		25.5500
1358316000		25.7900
1358402400		25.9000
1358488800		26.1100
1358834400		26.2100
1358920800		26.5700
1359007200		26.4900
1359093600		26.8300
1359352800		27.0500
1359439200		27.0900
1359525600		27.2900
1359612000		26.6000
1359698400		26.7300
1359957600		26.6600
1360044000		26.5200
1360130400		26.4100
1360216800		26.7600
1360303200		26.8900
1360562400		27.1000
1360648800		27.1900
1360735200		27.0900
1360821600		27.4900
1360908000		27.6600
1361253600		27.6900
1361340000		27.8500
1361426400		27.2000
1361512800		27.0800
1361772000		26.9500
1361858400		25.0200
1361944800		26.8700
1362031200		27.0200
1362117600		26.8400
1362376800		27.3600
1362463200		27.4800
1362549600		27.5000
1362636000		27.2900
1362722400		27.7000
1362978000		27.8000
1363064400		27.9000
1363150800		28.0800
1363237200		28.3000
1363323600		29.1000
1363582800		28.4000
1363669200		28.3500
1363755600		28.7600
1363842000		29.3700
1363928400		29.5100
1364187600		29.8600
1364274000		30.1000
1364360400		30.0900
1364446800		30.4400
1364792400		30.0200
1364878800		30.0100
1364965200		30.0800
1365051600		29.9600
1365138000		29.9000
1365397200		30.1700
1365483600		30.3200
1365570000		30.3200
1365656400		30.9500
1365742800		30.9400
1366002000		30.2300
1366088400		29.4900
1366174800		28.9600
1366261200		28.7600
1366347600		28.4100
1366606800		29.1800
1366693200		28.9000
1366779600		28.9400
1366866000		29.0300
1366952400		28.5000
1367211600		27.6100
1367298000		27.6200
1367384400		27.9000
1367470800		27.8500
1367557200		28.4100
1367816400		28.9600
1367902800		29.5000
1367989200		30.4700
1368075600		30.3900
1368162000		30.3700
1368421200		31.0100
1368507600		31.1100
1368594000		31.0800
1368680400		30.8700
1368766800		31.1300
1369026000		31.2500
1369112400		31.4900
1369198800		31.8600
1369285200		31.6000
1369371600		31.6600
1369717200		32.2900
1369803600		32.5900
1369890000		32.0700
1369976400		32.1300
1370235600		32.2000
1370322000		32.3400
1370408400		32.3000
1370494800		32.1000
1370581200		32.6300
1370840400		32.9700
1370926800		32.9500
1371013200		33.2300
1371099600		32.6400
1371186000		33.5600
1371445200		34.2700
1371531600		34.1300
1371618000		34.3100
1371704400		32.9900
1371790800		32.7000
1372050000		32.5700
1372136400		32.8900
1372222800		32.8000
1372309200		32.9200
1372395600		32.9200
1372654800		32.9200
1372741200		33.6700
1372827600		33.8500
1373000400		34.8500
1373259600		35.3200
1373346000		35.6900
1373432400		35.6300
1373518800		35.7800
1373605200		35.3000
1373864400		35.1200
1373950800		35.5900
1374037200		35.7000
1374123600		35.9000
1374210000		36.1300
1374469200		36.0500
1374555600		36.2600
1374642000		36.3000
1374728400		35.9100
1374814800		36.3500
1375074000		36.8100
1375160400		37.7200
1375246800		37.8100
1375333200		38.2000
1375419600		37.7100
1375678800		37.2000
1375765200		37.5400
1375851600		37.3500
1375938000		37.0000
1376024400		36.7700
1376283600		37.2300
1376370000		37.4300
1376456400		37.1200
1376542800		36.2000
1376629200		35.3600
1376888400		35.1500
1376974800		35.1600
1377061200		35.3800
1377147600		35.2900
1377234000		35.3100
1377493200		34.9500
1377579600		34.7800
1377666000		34.2700
1377752400		34.5100
1377838800		34.4300
1378184400		34.4300
1378270800		34.2000
1378357200		34.5000
1378443600		35.0600
1378702800		34.8400
1378789200		35.6900
1378875600		35.4300
1378962000		35.7000
1379048400		35.1000
1379307600		35.3500
1379394000		34.6800
1379480400		35.1100
1379566800		35.1600
1379653200		35.1300
1379912400		34.7700
1379998800		34.7200
1380085200		34.6800
1380171600		33.9800
1380258000		33.5600
1380517200		33.4300
1380603600		34.0600
1380690000		34.3600
1380776400		34.3200
1380862800		34.4500
1381122000		34.0800
1381208400		34.2400
1381294800		33.6400
1381381200		34.4200
1381467600		34.3200
1381726800		34.9500
1381813200		35.1800
1381899600		35.4400
1381986000		35.1600
1382072400		36.0700
1382331600		36.2300
1382418000		36.7100
1382504400		36.6700
1382590800		37.0300
1382677200		38.9900
1382936400		39.5400
1383022800		39.0600
1383109200		39.1000
1383195600		38.5100
1383282000		38.0200
1383544800		37.8300
